x <- c(1, 2, 3)
x

a <- 1:10
b <- a
c <- b
d <- 1:10
